10000000
10000011
10000110
10001001
10001100
10001111
10010010
10010101
10011000
10011011
10011110
10100001
10100100
10100111
10101010
10101101
10110000
10110011
10110110
10111001
10111011
10111110
11000001
11000011
11000110
11001001
11001011
11001110
11010000
11010010
11010101
11010111
11011001
11011011
11011110
11100000
11100010
11100100
11100110
11100111
11101001
11101011
11101100
11101110
11110000
11110001
11110010
11110100
11110101
11110110
11110111
11111000
11111001
11111010
11111011
11111011
11111100
11111101
11111101
11111110
11111110
11111110
11111110
11111110
11111111
11111110
11111110
11111110
11111110
11111110
11111101
11111101
11111100
11111011
11111011
11111010
11111001
11111000
11110111
11110110
11110101
11110100
11110010
11110001
11110000
11101110
11101100
11101011
11101001
11100111
11100110
11100100
11100010
11100000
11011110
11011011
11011001
11010111
11010101
11010010
11010000
11001110
11001011
11001001
11000110
11000011
11000001
10111110
10111011
10111001
10110110
10110011
10110000
10101101
10101010
10100111
10100100
10100001
10011110
10011011
10011000
10010101
10010010
10001111
10001100
10001001
10000110
10000011
10000000
01111100
01111001
01110110
01110011
01110000
01101101
01101010
01100111
01100100
01100001
01011110
01011011
01011000
01010101
01010010
01001111
01001100
01001001
01000110
01000100
01000001
00111110
00111100
00111001
00110110
00110100
00110001
00101111
00101101
00101010
00101000
00100110
00100100
00100001
00011111
00011101
00011011
00011001
00011000
00010110
00010100
00010011
00010001
00001111
00001110
00001101
00001011
00001010
00001001
00001000
00000111
00000110
00000101
00000100
00000100
00000011
00000010
00000010
00000001
00000001
00000001
00000001
00000001
00000001
00000001
00000001
00000001
00000001
00000001
00000010
00000010
00000011
00000100
00000100
00000101
00000110
00000111
00001000
00001001
00001010
00001011
00001101
00001110
00001111
00010001
00010011
00010100
00010110
00011000
00011001
00011011
00011101
00011111
00100001
00100100
00100110
00101000
00101010
00101101
00101111
00110001
00110100
00110110
00111001
00111100
00111110
01000001
01000100
01000110
01001001
01001100
01001111
01010010
01010101
01011000
01011011
01011110
01100001
01100100
01100111
01101010
01101101
01110000
01110011
01110110
01111001
01111100